0 0.04807692307692308 0.7439903846153846 0.09014423076923077 0.5120192307692307
0 0.125 0.625 0.16346153846153846 0.7139423076923077
0 0.19951923076923078 0.8425480769230769 0.09375 0.31490384615384615
0 0.3016826923076923 0.6310096153846154 0.18389423076923078 0.7139423076923077
0 0.41947115384615385 0.8365384615384616 0.08653846153846154 0.3269230769230769
0 0.4495192307692308 0.5504807692307693 0.16706730769230768 0.7680288461538461
0 0.5612980769230769 0.6730769230769231 0.16947115384615385 0.6430288461538461
0 0.6502403846153846 0.8064903846153846 0.15384615384615385 0.3870192307692308
0 0.7319711538461539 0.6850961538461539 0.11658653846153846 0.6189903846153846
0 0.8533653846153846 0.7355769230769231 0.12620192307692307 0.5180288461538461
0 0.9495192307692307 0.8064903846153846 0.09375 0.3870192307692308